1 1 
2 1 2 
3 1 3 2 
4 4 1 3 2 
5 4 1 5 3 
6 4 3 1 5 6 
7 4 3 7 1 
8 1 4 3 7 8 
9 1 4 3 7 9 
10 1 4 10 3 
11 11 1 4 10 3 
12 11 1 4 12 10 
13 11 1 10 13 4 
14 11 1 10 13 14 
15 11 1 10 13 14 15 
16 11 1 10 13 14 
17 14 11 1 10 13 16 
18 14 11 1 10 13 17 
19 14 17 11 1 10 18 13 
20 14 17 11 1 13 10 19 
21 10 13 14 17 11 1 
22 14 10 13 17 1 11 
23 14 10 13 17 11 1 
24 14 1 10 13 17 11 20 
25 14 11 1 10 13 17 
26 14 11 1 10 13 17 
27 14 11 1 10 13 17 
28 1 10 13 14 17 21 11 
29 1 10 13 14 17 21 11 22 
30 11 1 10 13 14 17 22 21 
31 11 1 10 13 14 
32 11 1 10 13 14 
33 
